5.36
5.41
5.51
5.43
5.42
5.4
5.41
5.34
5.21
5.1
5.04
5.0
4.95
4.86
4.9
4.62
4.57
4.46
4.45
4.26
4.16
4.09
4.05
4.03
4.08
4.13
4.19
4.01
4.08
4.07
3.97
4.01
3.87
3.7
3.78
3.85
3.71
3.79
3.89
3.7
3.81
3.92
3.99
4.12
4.24
4.27
4.34
4.35
4.3
4.35
4.37
4.1
4.15
4.17
4.23
4.23
4.15
4.0
4.04
4.06
4.06
4.09
4.16
3.91
4.01
3.99
3.93
3.93
3.83
3.58
3.78
3.76
3.7
3.68
3.64
3.52
3.56
3.55
3.47
3.43
3.35
3.3
3.39
3.35
3.41
3.41
3.46
3.4
3.49
3.53
3.6
3.58
3.59
3.56
3.63
3.72
4.0
4.13
4.04
3.67
3.52
3.35
3.19
3.11
3.02
2.89
2.93
2.97
2.92
2.95
3.01
2.91
2.94
2.96
3.01
2.99
3.01
3.05
3.26
3.38
3.45
3.54
3.65
3.57
3.71
3.78
3.8
3.89
3.92
3.94
4.11
4.16
4.11
4.26
4.35
4.25
4.22
4.12
4.0
3.97
3.88
3.75
3.76
3.76
3.71
3.75
3.82
3.71
3.78
3.82
3.83
3.79
3.75
3.63
3.89
3.96
4.03
4.25
4.36
4.41
4.66
4.92
4.89
4.99
5.12
5.12
5.38
